Plaintext(in hex): 0000000000000000
Key(in hex): 1f1f1f1f1f1f1f1f

***********Encrypting string: 0000000000000000***********

Original Bits: 0000 0000 0000 0000 0000 0000 0000 0000 0000 0000 0000 0000 0000 0000 0000 0000
Key(in Binary): 00011111 00011111 00011111 00011111 00011111 00011111 00011111 00011111

Initial Permutation: 0000 0000 0000 0000 0000 0000 0000 0000 0000 0000 0000 0000 0000 0000 0000 0000

------------------------------- Round 0 ------------------------------

PC:             0000000 0000000 0000000 0001111 1111111 1111111 1111111 1111111
C:              0000000 0000000 0000000 0001111
D:              1111111 1111111 1111111 1111111
L:              0000 0000 0000 0000 0000 0000 0000 0000
R:              0000 0000 0000 0000 0000 0000 0000 0000

------------------------------- Round 1 ------------------------------

C:              0000000000000000000000011110
D:              1111111111111111111111111111

ROUNDKEY(2):    000100 000000 000010 001000 111111 111111 111111 111111

ROUNDKEY(16):   0000100088ffffff

L:              0000 0000 0000 0000 0000 0000 0000 0000
R:              0111 1000 1001 1010 1110 1000 1001 1011

------------------------------- Round 2 ------------------------------

C:              0000000000000000000000111100
D:              1111111111111111111111111111

ROUNDKEY(2):    000100 000000 100010 000000 111111 111111 111111 111111

ROUNDKEY(16):   0000100880ffffff

L:              0111 1000 1001 1010 1110 1000 1001 1011
R:              1100 1010 1011 1011 0111 0100 1000 0010

------------------------------- Round 3 ------------------------------

C:              0000000000000000000011110000
D:              1111111111111111111111111111

ROUNDKEY(2):    000100 000010 100000 000000 111111 111111 111111 111111

ROUNDKEY(16):   0000102800ffffff

L:              1100 1010 1011 1011 0111 0100 1000 0010
R:              0001 1110 1100 0100 1111 0110 1101 0101

------------------------------- Round 4 ------------------------------

C:              0000000000000000001111000000
D:              1111111111111111111111111111

ROUNDKEY(2):    000000 000010 010000 000100 111111 111111 111111 111111

ROUNDKEY(16):   0000002404ffffff

L:              0001 1110 1100 0100 1111 0110 1101 0101
R:              1111 1001 0010 0000 1001 0100 0010 1111

------------------------------- Round 5 ------------------------------

C:              0000000000000000111100000000
D:              1111111111111111111111111111

ROUNDKEY(2):    010000 000000 010000 000100 111111 111111 111111 111111

ROUNDKEY(16):   0000400404ffffff

L:              1111 1001 0010 0000 1001 0100 0010 1111
R:              1000 1100 1011 1110 0111 1100 0011 1011

------------------------------- Round 6 ------------------------------

C:              0000000000000011110000000000
D:              1111111111111111111111111111

ROUNDKEY(2):    010000 001000 000000 100000 111111 111111 111111 111111

ROUNDKEY(16):   0000408020ffffff

L:              1000 1100 1011 1110 0111 1100 0011 1011
R:              1101 1000 1000 1111 0000 0111 1001 1001

------------------------------- Round 7 ------------------------------

C:              0000000000001111000000000000
D:              1111111111111111111111111111

ROUNDKEY(2):    100000 001000 000000 100010 111111 111111 111111 111111

ROUNDKEY(16):   0000808022ffffff

L:              1101 1000 1000 1111 0000 0111 1001 1001
R:              1000 0100 1001 1000 1101 0100 1111 0100

------------------------------- Round 8 ------------------------------

C:              0000000000111100000000000000
D:              1111111111111111111111111111

ROUNDKEY(2):    101000 000000 001000 000010 111111 111111 111111 111111

ROUNDKEY(16):   0000a00202ffffff

L:              1000 0100 1001 1000 1101 0100 1111 0100
R:              1001 0101 1001 0001 0101 0000 1010 0111

------------------------------- Round 9 ------------------------------

C:              0000000001111000000000000000
D:              1111111111111111111111111111

ROUNDKEY(2):    001000 000001 001000 000010 111111 111111 111111 111111

ROUNDKEY(16):   0000201202ffffff

L:              1001 0101 1001 0001 0101 0000 1010 0111
R:              1011 0101 0110 1100 1111 0111 0010 0000

------------------------------- Round 10 ------------------------------

C:              0000000111100000000000000000
D:              1111111111111111111111111111

ROUNDKEY(2):    001000 000001 000001 000000 111111 111111 111111 111111

ROUNDKEY(16):   0000201040ffffff

L:              1011 0101 0110 1100 1111 0111 0010 0000
R:              0111 1010 1010 1001 1001 0110 0011 1000

------------------------------- Round 11 ------------------------------

C:              0000011110000000000000000000
D:              1111111111111111111111111111

ROUNDKEY(2):    000000 000100 000001 010000 111111 111111 111111 111111

ROUNDKEY(16):   0000004050ffffff

L:              0111 1010 1010 1001 1001 0110 0011 1000
R:              1101 0100 0110 0001 1001 0110 0100 0010

------------------------------- Round 12 ------------------------------

C:              0001111000000000000000000000
D:              1111111111111111111111111111

ROUNDKEY(2):    000001 000100 000100 010000 111111 111111 111111 111111

ROUNDKEY(16):   0000044110ffffff

L:              1101 0100 0110 0001 1001 0110 0100 0010
R:              1101 1001 1111 0110 0110 1010 0010 1111

------------------------------- Round 13 ------------------------------

C:              0111100000000000000000000000
D:              1111111111111111111111111111

ROUNDKEY(2):    000001 100000 000100 000001 111111 111111 111111 111111

ROUNDKEY(16):   0000060101ffffff

L:              1101 1001 1111 0110 0110 1010 0010 1111
R:              0111 0111 1111 0011 1010 1101 0010 1110

------------------------------- Round 14 ------------------------------

C:              1110000000000000000000000001
D:              1111111111111111111111111111

ROUNDKEY(2):    000010 110000 000000 000001 111111 111111 111111 111111

ROUNDKEY(16):   00000b0001ffffff

L:              0111 0111 1111 0011 1010 1101 0010 1110
R:              1101 1100 0101 0111 0010 0100 1011 1000

------------------------------- Round 15 ------------------------------

C:              1000000000000000000000000111
D:              1111111111111111111111111111

ROUNDKEY(2):    000010 010000 000010 001000 111111 111111 111111 111111

ROUNDKEY(16):   0000090088ffffff

L:              1101 1100 0101 0111 0010 0100 1011 1000
R:              0000 0110 0100 1010 1010 0101 0010 1001

------------------------------- Round 16 ------------------------------

C:              0000000000000000000000001111
D:              1111111111111111111111111111

ROUNDKEY(2):    000000 010000 000010 001000 111111 111111 111111 111111

ROUNDKEY(16):   0000010088ffffff

L:              0000 0110 0100 1010 1010 0101 0010 1001
R:              1101 0101 0001 0010 1101 0000 0110 1001

-----------------------------------------------------------------------

Final Permutation(2):  0100101110110000110010000010001101010100000010110110010101001100

Final Permutation(16): 4bb0c823540b654c


Ciphertext(2):
0100101110110000110010000010001101010100000010110110010101001100

Ciphertext(16):
4bb0c823540b654c